   0.0000000e+00   3.1000000e+02   2.8000000e+02   1.0000000e+02   1.0000000e+00   3.5000000e+02   3.0420000e+02   9.8000000e-01
   5.0000000e-02   3.1000000e+02   2.8000000e+02   1.0000000e+02   1.0000000e+00   3.5000000e+02   3.0419656e+02   9.7986731e-01
   1.0000000e-01   3.1000000e+02   2.8000000e+02   1.0000000e+02   1.0000000e+00   3.5000000e+02   3.0419351e+02   9.7974158e-01
   1.5000000e-01   3.1000000e+02   2.8000000e+02   1.0000000e+02   1.0000000e+00   3.5000000e+02   3.0419081e+02   9.7962241e-01
   2.0000000e-01   3.1000000e+02   2.8000000e+02   1.0000000e+02   1.0000000e+00   3.5000000e+02   3.0418842e+02   9.7950946e-01
   2.5000000e-01   3.1000000e+02   2.8000000e+02   1.0000000e+02   1.0000000e+00   3.5000000e+02   3.0418630e+02   9.7940237e-01
   3.0000000e-01   3.1000000e+02   2.8000000e+02   1.0000000e+02   1.0000000e+00   3.5000000e+02   3.0418442e+02   9.7930083e-01
   3.5000000e-01   3.1000000e+02   2.8000000e+02   1.0000000e+02   1.0000000e+00   3.5000000e+02   3.0418275e+02   9.7920455e-01
   4.0000000e-01   3.1000000e+02   2.8000000e+02   1.0000000e+02   1.0000000e+00   3.5000000e+02   3.0418127e+02   9.7911323e-01
   4.5000000e-01   3.1000000e+02   2.8000000e+02   1.0000000e+02   1.0000000e+00   3.5000000e+02   3.0417995e+02   9.7902660e-01
   5.0000000e-01   3.1000000e+02   2.8000000e+02   1.0000000e+02   1.0000000e+00   3.5000000e+02   3.0417877e+02   9.7894443e-01
   5.5000000e-01   3.1000000e+02   2.8000000e+02   1.0000000e+02   1.0000000e+00   3.5000000e+02   3.0417772e+02   9.7886648e-01
   6.0000000e-01   3.1000000e+02   2.8000000e+02   1.0000000e+02   1.0000000e+00   3.5000000e+02   3.0417678e+02   9.7879251e-01
   6.5000000e-01   3.1000000e+02   2.8000000e+02   1.0000000e+02   1.0000000e+00   3.5000000e+02   3.0417595e+02   9.7872233e-01
   7.0000000e-01   3.1000000e+02   2.8000000e+02   1.0000000e+02   1.0000000e+00   3.5000000e+02   3.0417520e+02   9.7865573e-01
   7.5000000e-01   3.1000000e+02   2.8000000e+02   1.0000000e+02   1.0000000e+00   3.5000000e+02   3.0417453e+02   9.7859252e-01
   8.0000000e-01   3.1000000e+02   2.8000000e+02   1.0000000e+02   1.0000000e+00   3.5000000e+02   3.0417393e+02   9.7853253e-01
   8.5000000e-01   3.1000000e+02   2.8000000e+02   1.0000000e+02   1.0000000e+00   3.5000000e+02   3.0417339e+02   9.7847559e-01
   9.0000000e-01   3.1000000e+02   2.8000000e+02   1.0000000e+02   1.0000000e+00   3.5000000e+02   3.0417290e+02   9.7842155e-01
   9.5000000e-01   3.1000000e+02   2.8000000e+02   1.0000000e+02   1.0000000e+00   3.5000000e+02   3.0417246e+02   9.7837025e-01
   1.0000000e+00   3.1000000e+02   2.8000000e+02   1.0000000e+02   1.0000000e+00   3.5000000e+02   3.0417207e+02   9.7832155e-01
   1.0500000e+00   3.1000000e+02   2.8000000e+02   1.0000000e+02   1.0000000e+00   3.5000000e+02   3.0417171e+02   9.7827532e-01
   1.1000000e+00   3.1000000e+02   2.8000000e+02   1.0000000e+02   1.0000000e+00   3.5000000e+02   3.0417139e+02   9.7823143e-01
   1.1500000e+00   3.1000000e+02   2.8000000e+02   1.0000000e+02   1.0000000e+00   3.5000000e+02   3.0417110e+02   9.7818976e-01
   1.2000000e+00   3.1000000e+02   2.8000000e+02   1.0000000e+02   1.0000000e+00   3.5000000e+02   3.0417083e+02   9.7815020e-01
   1.2500000e+00   3.1000000e+02   2.8600000e+02   1.0000000e+02   1.0000000e+00   3.5000000e+02   3.0417059e+02   9.7811263e-01
   1.3000000e+00   3.1000000e+02   2.9600000e+02   1.0000000e+02   1.0000000e+00   3.5000000e+02   3.0475837e+02   9.7804482e-01
   1.3500000e+00   3.1000000e+02   3.0000000e+02   1.0000000e+02   1.0000000e+00   3.5000000e+02   3.0625501e+02   9.7786114e-01
   1.4000000e+00   3.1000000e+02   3.0000000e+02   1.0000000e+02   1.0000000e+00   3.5000000e+02   3.0796529e+02   9.7748387e-01
   1.4500000e+00   3.1000000e+02   3.0000000e+02   1.0000000e+02   1.0000000e+00   3.5000000e+02   3.0947663e+02   9.7689327e-01
   1.5000000e+00   3.1000000e+02   3.0000000e+02   1.0000000e+02   1.0000000e+00   3.5000000e+02   3.1081775e+02   9.7609863e-01
   1.5500000e+00   3.1000000e+02   3.0000000e+02   1.0000000e+02   1.0000000e+00   3.5000000e+02   3.1201269e+02   9.7511156e-01
   1.6000000e+00   3.1000000e+02   3.0000000e+02   1.0000000e+02   1.0000000e+00   3.5000000e+02   3.1308163e+02   9.7394536e-01
   1.6500000e+00   3.1000000e+02   3.0000000e+02   1.0000000e+02   1.0000000e+00   3.5000000e+02   3.1404148e+02   9.7261438e-01
   1.7000000e+00   3.1000000e+02   3.0000000e+02   1.0000000e+02   1.0000000e+00   3.5000000e+02   3.1490651e+02   9.7113353e-01
   1.7500000e+00   3.1000000e+02   3.0000000e+02   1.0000000e+02   1.0000000e+00   3.5000000e+02   3.1568875e+02   9.6951788e-01
   1.8000000e+00   3.1000000e+02   3.0100000e+02   1.0000000e+02   1.0000000e+00   3.5000000e+02   3.1639841e+02   9.6778236e-01
   1.8500000e+00   3.1000000e+02   3.0500000e+02   1.0000000e+02   1.0000000e+00   3.5000000e+02   3.1714417e+02   9.6592615e-01
   1.9000000e+00   3.1000000e+02   3.0900000e+02   1.0000000e+02   1.0000000e+00   3.5000000e+02   3.1822618e+02   9.6388270e-01
   1.9500000e+00   3.1000000e+02   3.1100000e+02   1.0000000e+02   1.0000000e+00   3.5000000e+02   3.1962281e+02   9.6152788e-01
   2.0000000e+00   3.1000000e+02   3.1300000e+02   1.0000000e+02   1.0000000e+00   3.5000000e+02   3.2111882e+02   9.5875729e-01
   2.0500000e+00   3.1000000e+02   3.1800000e+02   1.0000000e+02   1.0000000e+00   3.5000000e+02   3.2272101e+02   9.5548560e-01
   2.1000000e+00   3.1000000e+02   3.1800000e+02   1.0000000e+02   1.0000000e+00   3.5000000e+02   3.2474759e+02   9.5152418e-01
   2.1500000e+00   3.1000000e+02   3.1800000e+02   1.0000000e+02   1.0000000e+00   3.5000000e+02   3.2669533e+02   9.4669286e-01
   2.2000000e+00   3.1000000e+02   3.2200000e+02   1.0000000e+02   1.0000000e+00   3.5000000e+02   3.2859893e+02   9.4091642e-01
   2.2500000e+00   3.1000000e+02   3.3000000e+02   1.0000000e+02   1.0000000e+00   3.5000000e+02   3.3091571e+02   9.3392567e-01
   2.3000000e+00   3.1000000e+02   3.3000000e+02   1.0000000e+02   1.0000000e+00   3.5000000e+02   3.3414467e+02   9.2492803e-01
   2.3500000e+00   3.1000000e+02   3.3200000e+02   1.0000000e+02   1.0000000e+00   3.5000000e+02   3.3760153e+02   9.1290351e-01
   2.4000000e+00   3.1000000e+02   3.3800000e+02   1.0000000e+02   1.0000000e+00   3.5000000e+02   3.4174745e+02   8.9650000e-01
   2.4500000e+00   3.1000000e+02   3.3900000e+02   1.0000000e+02   1.0000000e+00   3.5000000e+02   3.4760584e+02   8.7226640e-01
   2.5000000e+00   3.1000000e+02   3.3900000e+02   1.0000000e+02   1.0000000e+00   3.5000000e+02   3.5633885e+02   8.3114461e-01
   2.5500000e+00   3.1000000e+02   3.4000000e+02   1.0000000e+02   1.0000000e+00   3.5000000e+02   3.7612232e+02   7.3096827e-01
   2.6000000e+00   3.1000000e+02   3.4100000e+02   1.0000000e+02   1.0000000e+00   3.5000000e+02   5.1830496e+02   7.4147984e-04
   2.6500000e+00   3.1000000e+02   3.4100000e+02   1.0000000e+02   1.0000000e+00   3.5000000e+02   5.0299563e+02   7.6909655e-04
   2.7000000e+00   3.1000000e+02   3.4100000e+02   1.0000000e+02   1.0000000e+00   3.5000000e+02   4.8986988e+02   8.6142729e-04
   2.7500000e+00   3.1000000e+02   3.4100000e+02   1.0000000e+02   1.0000000e+00   3.5000000e+02   4.7857229e+02   1.2234584e-03
   2.8000000e+00   3.1000000e+02   3.3200000e+02   1.0000000e+02   1.0000000e+00   3.5000000e+02   4.6843494e+02   1.9660473e-03
   2.8500000e+00   3.1000000e+02   3.3100000e+02   1.0000000e+02   1.0000000e+00   3.5000000e+02   4.5917682e+02   2.6260717e-03
   2.9000000e+00   3.1000000e+02   3.3000000e+02   1.0000000e+02   1.0000000e+00   3.5000000e+02   4.5112209e+02   3.6210900e-03
   2.9500000e+00   3.1000000e+02   3.2900000e+02   1.0000000e+02   1.0000000e+00   3.5000000e+02   4.4395941e+02   5.4173432e-03
   3.0000000e+00   3.1000000e+02   3.2700000e+02   1.0000000e+02   1.0000000e+00   3.5000000e+02   4.3778672e+02   6.4162995e-03
   3.0500000e+00   3.1000000e+02   3.2600000e+02   1.0000000e+02   1.0000000e+00   3.5000000e+02   4.3225298e+02   8.2179057e-03
   3.1000000e+00   3.1000000e+02   3.2400000e+02   1.0000000e+02   1.0000000e+00   3.5000000e+02   4.2734771e+02   1.0271035e-02
   3.1500000e+00   3.1000000e+02   3.2400000e+02   1.0000000e+02   1.0000000e+00   3.5000000e+02   4.2283648e+02   1.2787549e-02
   3.2000000e+00   3.1000000e+02   3.2200000e+02   1.0000000e+02   1.0000000e+00   3.5000000e+02   4.1894744e+02   1.5305002e-02
   3.2500000e+00   3.1000000e+02   3.2200000e+02   1.0000000e+02   1.0000000e+00   3.5000000e+02   4.1534613e+02   1.8087995e-02
   3.3000000e+00   3.1000000e+02   3.2200000e+02   1.0000000e+02   1.0000000e+00   3.5000000e+02   4.1218765e+02   2.1107873e-02
   3.3500000e+00   3.1000000e+02   3.2200000e+02   1.0000000e+02   1.0000000e+00   3.5000000e+02   4.0943189e+02   2.4231897e-02
   3.4000000e+00   3.1000000e+02   3.2200000e+02   1.0000000e+02   1.0000000e+00   3.5000000e+02   4.0703467e+02   2.7386391e-02
   3.4500000e+00   3.1000000e+02   3.2200000e+02   1.0000000e+02   1.0000000e+00   3.5000000e+02   4.0495590e+02   3.0513098e-02
   3.5000000e+00   3.1000000e+02   3.2100000e+02   1.0000000e+02   1.0000000e+00   3.5000000e+02   4.0316065e+02   3.3559532e-02
   3.5500000e+00   3.1000000e+02   3.1300000e+02   1.0000000e+02   1.0000000e+00   3.5000000e+02   4.0150251e+02   3.6572820e-02
   3.6000000e+00   3.1000000e+02   3.1100000e+02   1.0000000e+02   1.0000000e+00   3.5000000e+02   3.9913296e+02   4.0302069e-02
   3.6500000e+00   3.1000000e+02   3.1100000e+02   1.0000000e+02   1.0000000e+00   3.5000000e+02   3.9667479e+02   4.5030950e-02
   3.7000000e+00   3.1000000e+02   3.1100000e+02   1.0000000e+02   1.0000000e+00   3.5000000e+02   3.9440860e+02   5.0338614e-02
   3.7500000e+00   3.1000000e+02   3.1100000e+02   1.0000000e+02   1.0000000e+00   3.5000000e+02   3.9236343e+02   5.5910498e-02
   3.8000000e+00   3.1000000e+02   3.1100000e+02   1.0000000e+02   1.0000000e+00   3.5000000e+02   3.9053831e+02   6.1578571e-02
   3.8500000e+00   3.1000000e+02   3.1100000e+02   1.0000000e+02   1.0000000e+00   3.5000000e+02   3.8892350e+02   6.7228365e-02
   3.9000000e+00   3.1000000e+02   3.1100000e+02   1.0000000e+02   1.0000000e+00   3.5000000e+02   3.8750734e+02   7.2767763e-02
   3.9500000e+00   3.1000000e+02   3.1100000e+02   1.0000000e+02   1.0000000e+00   3.5000000e+02   3.8627859e+02   7.8115456e-02
   4.0000000e+00   3.1000000e+02   3.1100000e+02   1.0000000e+02   1.0000000e+00   3.5000000e+02   3.8522718e+02   8.3196375e-02
   4.0500000e+00   3.1000000e+02   3.1100000e+02   1.0000000e+02   1.0000000e+00   3.5000000e+02   3.8434434e+02   8.7939887e-02
   4.1000000e+00   3.1000000e+02   3.1100000e+02   1.0000000e+02   1.0000000e+00   3.5000000e+02   3.8362243e+02   9.2279282e-02
   4.1500000e+00   3.1000000e+02   3.0400000e+02   1.0000000e+02   1.0000000e+00   3.5000000e+02   3.8305475e+02   9.6152016e-02
   4.2000000e+00   3.1000000e+02   2.9700000e+02   1.0000000e+02   1.0000000e+00   3.5000000e+02   3.8178117e+02   1.0036922e-01
   4.2500000e+00   3.1000000e+02   2.9400000e+02   1.0000000e+02   1.0000000e+00   3.5000000e+02   3.7959930e+02   1.0644305e-01
   4.3000000e+00   3.1000000e+02   2.8800000e+02   1.0000000e+02   1.0000000e+00   3.5000000e+02   3.7685551e+02   1.1515492e-01
   4.3500000e+00   3.1000000e+02   2.8200000e+02   1.0000000e+02   1.0000000e+00   3.5000000e+02   3.7321027e+02   1.2702174e-01
   4.4000000e+00   3.1000000e+02   2.7400000e+02   1.0000000e+02   1.0000000e+00   3.5000000e+02   3.6863423e+02   1.4268923e-01
   4.4500000e+00   3.1000000e+02   2.6600000e+02   1.0000000e+02   1.0000000e+00   3.5000000e+02   3.6293821e+02   1.6262031e-01
   4.5000000e+00   3.1000000e+02   2.5900000e+02   1.0000000e+02   1.0000000e+00   3.5000000e+02   3.5623159e+02   1.8686965e-01
   4.5500000e+00   3.1000000e+02   2.5900000e+02   1.0000000e+02   1.0000000e+00   3.5000000e+02   3.4884243e+02   2.1479795e-01
   4.6000000e+00   3.1000000e+02   2.5900000e+02   1.0000000e+02   1.0000000e+00   3.5000000e+02   3.4176948e+02   2.4511126e-01
   4.6500000e+00   3.1000000e+02   2.5000000e+02   1.0000000e+02   1.0000000e+00   3.5000000e+02   3.3520447e+02   2.7649742e-01
   4.7000000e+00   3.1000000e+02   2.5000000e+02   1.0000000e+02   1.0000000e+00   3.5000000e+02   3.2834685e+02   3.0817248e-01
   4.7500000e+00   3.1000000e+02   2.5000000e+02   1.0000000e+02   1.0000000e+00   3.5000000e+02   3.2222440e+02   3.3955172e-01
   4.8000000e+00   3.1000000e+02   2.5000000e+02   1.0000000e+02   1.0000000e+00   3.5000000e+02   3.1682673e+02   3.7016979e-01
   4.8500000e+00   3.1000000e+02   2.5000000e+02   1.0000000e+02   1.0000000e+00   3.5000000e+02   3.1210707e+02   3.9977547e-01
   4.9000000e+00   3.1000000e+02   2.5000000e+02   1.0000000e+02   1.0000000e+00   3.5000000e+02   3.0800266e+02   4.2824448e-01
   4.9500000e+00   3.1000000e+02   2.5000000e+02   1.0000000e+02   1.0000000e+00   3.5000000e+02   3.0444632e+02   4.5552630e-01
   5.0000000e+00   3.1000000e+02   2.5500000e+02   1.0000000e+02   1.0000000e+00   3.5000000e+02   3.0137261e+02   4.8161289e-01
   5.0500000e+00   3.1000000e+02   2.7800000e+02   1.0000000e+02   1.0000000e+00   3.5000000e+02   2.9920711e+02   5.0651157e-01
   5.1000000e+00   3.1000000e+02   2.9000000e+02   1.0000000e+02   1.0000000e+00   3.5000000e+02   2.9957837e+02   5.3020945e-01
   5.1500000e+00   3.1000000e+02   3.0300000e+02   1.0000000e+02   1.0000000e+00   3.5000000e+02   3.0107035e+02   5.5269723e-01
   5.2000000e+00   3.1000000e+02   3.0300000e+02   1.0000000e+02   1.0000000e+00   3.5000000e+02   3.0363135e+02   5.7397416e-01
   5.2500000e+00   3.1000000e+02   3.0400000e+02   1.0000000e+02   1.0000000e+00   3.5000000e+02   3.0585756e+02   5.9405223e-01
   5.3000000e+00   3.1000000e+02   3.1100000e+02   1.0000000e+02   1.0000000e+00   3.5000000e+02   3.0789806e+02   6.1296877e-01
   5.3500000e+00   3.1000000e+02   3.1800000e+02   1.0000000e+02   1.0000000e+00   3.5000000e+02   3.1037221e+02   6.3072441e-01
   5.4000000e+00   3.1000000e+02   3.1800000e+02   1.0000000e+02   1.0000000e+00   3.5000000e+02   3.1323978e+02   6.4726605e-01
   5.4500000e+00   3.1000000e+02   3.1800000e+02   1.0000000e+02   1.0000000e+00   3.5000000e+02   3.1578509e+02   6.6255604e-01
   5.5000000e+00   3.1000000e+02   3.1800000e+02   1.0000000e+02   1.0000000e+00   3.5000000e+02   3.1806559e+02   6.7659862e-01
   5.5500000e+00   3.1000000e+02   3.2000000e+02   1.0000000e+02   1.0000000e+00   3.5000000e+02   3.2012987e+02   6.8940103e-01
   5.6000000e+00   3.1000000e+02   3.2000000e+02   1.0000000e+02   1.0000000e+00   3.5000000e+02   3.2221941e+02   7.0094039e-01
   5.6500000e+00   3.1000000e+02   3.1900000e+02   1.0000000e+02   1.0000000e+00   3.5000000e+02   3.2415515e+02   7.1118531e-01
   5.7000000e+00   3.1000000e+02   3.1900000e+02   1.0000000e+02   1.0000000e+00   3.5000000e+02   3.2587141e+02   7.2015216e-01
   5.7500000e+00   3.1000000e+02   3.1900000e+02   1.0000000e+02   1.0000000e+00   3.5000000e+02   3.2750573e+02   7.2785753e-01
   5.8000000e+00   3.1000000e+02   3.0900000e+02   1.0000000e+02   1.0000000e+00   3.5000000e+02   3.2908421e+02   7.3429071e-01
   5.8500000e+00   3.1000000e+02   3.0500000e+02   1.0000000e+02   1.0000000e+00   3.5000000e+02   3.2959640e+02   7.3975603e-01
   5.9000000e+00   3.1000000e+02   3.0500000e+02   1.0000000e+02   1.0000000e+00   3.5000000e+02   3.2969449e+02   7.4471642e-01
   5.9500000e+00   3.1000000e+02   3.0500000e+02   1.0000000e+02   1.0000000e+00   3.5000000e+02   3.2980124e+02   7.4932062e-01
   6.0000000e+00   3.1000000e+02   3.0500000e+02   1.0000000e+02   1.0000000e+00   3.5000000e+02   3.2991600e+02   7.5358305e-01
   6.0500000e+00   3.1000000e+02   3.0500000e+02   1.0000000e+02   1.0000000e+00   3.5000000e+02   3.3003818e+02   7.5751752e-01
   6.1000000e+00   3.1000000e+02   3.0500000e+02   1.0000000e+02   1.0000000e+00   3.5000000e+02   3.3016728e+02   7.6113727e-01
   6.1500000e+00   3.1000000e+02   3.0500000e+02   1.0000000e+02   1.0000000e+00   3.5000000e+02   3.3030284e+02   7.6445495e-01
   6.2000000e+00   3.1000000e+02   3.0500000e+02   1.0000000e+02   1.0000000e+00   3.5000000e+02   3.3044445e+02   7.6748264e-01
   6.2500000e+00   3.1000000e+02   3.0500000e+02   1.0000000e+02   1.0000000e+00   3.5000000e+02   3.3059178e+02   7.7023188e-01
   6.3000000e+00   3.1000000e+02   3.0500000e+02   1.0000000e+02   1.0000000e+00   3.5000000e+02   3.3074451e+02   7.7271364e-01
   6.3500000e+00   3.1000000e+02   3.0500000e+02   1.0000000e+02   1.0000000e+00   3.5000000e+02   3.3090240e+02   7.7493836e-01
   6.4000000e+00   3.1000000e+02   3.0500000e+02   1.0000000e+02   1.0000000e+00   3.5000000e+02   3.3106523e+02   7.7691594e-01
   6.4500000e+00   3.1000000e+02   3.0500000e+02   1.0000000e+02   1.0000000e+00   3.5000000e+02   3.3123282e+02   7.7865575e-01
   6.5000000e+00   3.1000000e+02   3.0500000e+02   1.0000000e+02   1.0000000e+00   3.5000000e+02   3.3140504e+02   7.8016665e-01
   6.5500000e+00   3.1000000e+02   3.0500000e+02   1.0000000e+02   1.0000000e+00   3.5000000e+02   3.3158177e+02   7.8145700e-01
   6.6000000e+00   3.1000000e+02   3.0500000e+02   1.0000000e+02   1.0000000e+00   3.5000000e+02   3.3176297e+02   7.8253462e-01
   6.6500000e+00   3.1000000e+02   3.0500000e+02   1.0000000e+02   1.0000000e+00   3.5000000e+02   3.3194858e+02   7.8340686e-01
   6.7000000e+00   3.1000000e+02   3.0500000e+02   1.0000000e+02   1.0000000e+00   3.5000000e+02   3.3213862e+02   7.8408054e-01
   6.7500000e+00   3.1000000e+02   3.0500000e+02   1.0000000e+02   1.0000000e+00   3.5000000e+02   3.3233311e+02   7.8456200e-01
   6.8000000e+00   3.1000000e+02   3.0500000e+02   1.0000000e+02   1.0000000e+00   3.5000000e+02   3.3253212e+02   7.8485707e-01
   6.8500000e+00   3.1000000e+02   3.0500000e+02   1.0000000e+02   1.0000000e+00   3.5000000e+02   3.3273575e+02   7.8497107e-01
   6.9000000e+00   3.1000000e+02   3.0500000e+02   1.0000000e+02   1.0000000e+00   3.5000000e+02   3.3294415e+02   7.8490880e-01
   6.9500000e+00   3.1000000e+02   3.0500000e+02   1.0000000e+02   1.0000000e+00   3.5000000e+02   3.3315748e+02   7.8467455e-01
   7.0000000e+00   3.1000000e+02   3.0500000e+02   1.0000000e+02   1.0000000e+00   3.5000000e+02   3.3337596e+02   7.8427206e-01
   7.0500000e+00   3.1000000e+02   3.0500000e+02   1.0000000e+02   1.0000000e+00   3.5000000e+02   3.3359985e+02   7.8370453e-01
   7.1000000e+00   3.1000000e+02   3.0500000e+02   1.0000000e+02   1.0000000e+00   3.5000000e+02   3.3382946e+02   7.8297457e-01
   7.1500000e+00   3.1000000e+02   3.0500000e+02   1.0000000e+02   1.0000000e+00   3.5000000e+02   3.3406515e+02   7.8208419e-01
   7.2000000e+00   3.1000000e+02   3.0500000e+02   1.0000000e+02   1.0000000e+00   3.5000000e+02   3.3430732e+02   7.8103476e-01
   7.2500000e+00   3.1000000e+02   3.0500000e+02   1.0000000e+02   1.0000000e+00   3.5000000e+02   3.3455646e+02   7.7982696e-01
   7.3000000e+00   3.1000000e+02   3.0500000e+02   1.0000000e+02   1.0000000e+00   3.5000000e+02   3.3481311e+02   7.7846074e-01
   7.3500000e+00   3.1000000e+02   3.0500000e+02   1.0000000e+02   1.0000000e+00   3.5000000e+02   3.3507790e+02   7.7693524e-01
   7.4000000e+00   3.1000000e+02   3.0500000e+02   1.0000000e+02   1.0000000e+00   3.5000000e+02   3.3535157e+02   7.7524875e-01
   7.4500000e+00   3.1000000e+02   3.0500000e+02   1.0000000e+02   1.0000000e+00   3.5000000e+02   3.3563493e+02   7.7339854e-01
   7.5000000e+00   3.1000000e+02   3.0500000e+02   1.0000000e+02   1.0000000e+00   3.5000000e+02   3.3592894e+02   7.7138081e-01
   7.5500000e+00   3.1000000e+02   3.0500000e+02   1.0000000e+02   1.0000000e+00   3.5000000e+02   3.3623471e+02   7.6919052e-01
   7.6000000e+00   3.1000000e+02   3.0200000e+02   1.0000000e+02   1.0000000e+00   3.5000000e+02   3.3655351e+02   7.6682120e-01
   7.6500000e+00   3.1000000e+02   2.8800000e+02   1.0000000e+02   1.0000000e+00   3.5000000e+02   3.3656118e+02   7.6443727e-01
   7.7000000e+00   3.1000000e+02   2.8200000e+02   1.0000000e+02   1.0000000e+00   3.5000000e+02   3.3504831e+02   7.6297471e-01
   7.7500000e+00   3.1000000e+02   2.8200000e+02   1.0000000e+02   1.0000000e+00   3.5000000e+02   3.3281922e+02   7.6334835e-01
   7.8000000e+00   3.1000000e+02   2.8200000e+02   1.0000000e+02   1.0000000e+00   3.5000000e+02   3.3055049e+02   7.6551249e-01
   7.8500000e+00   3.1000000e+02   2.8200000e+02   1.0000000e+02   1.0000000e+00   3.5000000e+02   3.2830435e+02   7.6909526e-01
   7.9000000e+00   3.1000000e+02   2.8200000e+02   1.0000000e+02   1.0000000e+00   3.5000000e+02   3.2613072e+02   7.7375970e-01
   7.9500000e+00   3.1000000e+02   2.8200000e+02   1.0000000e+02   1.0000000e+00   3.5000000e+02   3.2406606e+02   7.7921696e-01
   8.0000000e+00   3.1000000e+02   2.8200000e+02   1.0000000e+02   1.0000000e+00   3.5000000e+02   3.2213429e+02   7.8522923e-01
   8.0500000e+00   3.1000000e+02   2.8200000e+02   1.0000000e+02   1.0000000e+00   3.5000000e+02   3.2034872e+02   7.9160632e-01
   8.1000000e+00   3.1000000e+02   2.8200000e+02   1.0000000e+02   1.0000000e+00   3.5000000e+02   3.1871441e+02   7.9819932e-01
   8.1500000e+00   3.1000000e+02   2.8200000e+02   1.0000000e+02   1.0000000e+00   3.5000000e+02   3.1723038e+02   8.0489344e-01
   8.2000000e+00   3.1000000e+02   2.8200000e+02   1.0000000e+02   1.0000000e+00   3.5000000e+02   3.1589144e+02   8.1160130e-01
   8.2500000e+00   3.1000000e+02   2.8200000e+02   1.0000000e+02   1.0000000e+00   3.5000000e+02   3.1468973e+02   8.1825709e-01
   8.3000000e+00   3.1000000e+02   2.8200000e+02   1.0000000e+02   1.0000000e+00   3.5000000e+02   3.1361583e+02   8.2481179e-01
   8.3500000e+00   3.1000000e+02   2.8200000e+02   1.0000000e+02   1.0000000e+00   3.5000000e+02   3.1265953e+02   8.3122939e-01
   8.4000000e+00   3.1000000e+02   2.8200000e+02   1.0000000e+02   1.0000000e+00   3.5000000e+02   3.1181049e+02   8.3748390e-01
   8.4500000e+00   3.1000000e+02   2.8200000e+02   1.0000000e+02   1.0000000e+00   3.5000000e+02   3.1105853e+02   8.4355702e-01
   8.5000000e+00   3.1000000e+02   2.8200000e+02   1.0000000e+02   1.0000000e+00   3.5000000e+02   3.1039396e+02   8.4943642e-01
   8.5500000e+00   3.1000000e+02   2.8200000e+02   1.0000000e+02   1.0000000e+00   3.5000000e+02   3.0980767e+02   8.5511432e-01
   8.6000000e+00   3.1000000e+02   2.8200000e+02   1.0000000e+02   1.0000000e+00   3.5000000e+02   3.0929124e+02   8.6058646e-01
   8.6500000e+00   3.1000000e+02   2.8200000e+02   1.0000000e+02   1.0000000e+00   3.5000000e+02   3.0883697e+02   8.6585130e-01
   8.7000000e+00   3.1000000e+02   2.8200000e+02   1.0000000e+02   1.0000000e+00   3.5000000e+02   3.0843785e+02   8.7090937e-01
   8.7500000e+00   3.1000000e+02   2.8200000e+02   1.0000000e+02   1.0000000e+00   3.5000000e+02   3.0808756e+02   8.7576277e-01
   8.8000000e+00   3.1000000e+02   2.8200000e+02   1.0000000e+02   1.0000000e+00   3.5000000e+02   3.0778044e+02   8.8041483e-01
   8.8500000e+00   3.1000000e+02   2.8200000e+02   1.0000000e+02   1.0000000e+00   3.5000000e+02   3.0751140e+02   8.8486979e-01
   8.9000000e+00   3.1000000e+02   2.8200000e+02   1.0000000e+02   1.0000000e+00   3.5000000e+02   3.0727592e+02   8.8913255e-01
   8.9500000e+00   3.1000000e+02   2.8200000e+02   1.0000000e+02   1.0000000e+00   3.5000000e+02   3.0706998e+02   8.9320852e-01
   9.0000000e+00   3.1000000e+02   2.8200000e+02   1.0000000e+02   1.0000000e+00   3.5000000e+02   3.0689003e+02   8.9710343e-01
   9.0500000e+00   3.1000000e+02   2.8200000e+02   1.0000000e+02   1.0000000e+00   3.5000000e+02   3.0673290e+02   9.0082325e-01
   9.1000000e+00   3.1000000e+02   2.8200000e+02   1.0000000e+02   1.0000000e+00   3.5000000e+02   3.0659582e+02   9.0437408e-01
   9.1500000e+00   3.1000000e+02   2.8200000e+02   1.0000000e+02   1.0000000e+00   3.5000000e+02   3.0647632e+02   9.0776209e-01
   9.2000000e+00   3.1000000e+02   2.8200000e+02   1.0000000e+02   1.0000000e+00   3.5000000e+02   3.0637223e+02   9.1099345e-01
   9.2500000e+00   3.1000000e+02   2.8200000e+02   1.0000000e+02   1.0000000e+00   3.5000000e+02   3.0628165e+02   9.1407427e-01
   9.3000000e+00   3.1000000e+02   2.8200000e+02   1.0000000e+02   1.0000000e+00   3.5000000e+02   3.0620290e+02   9.1701061e-01
   9.3500000e+00   3.1000000e+02   2.8200000e+02   1.0000000e+02   1.0000000e+00   3.5000000e+02   3.0613451e+02   9.1980841e-01
   9.4000000e+00   3.1000000e+02   2.8200000e+02   1.0000000e+02   1.0000000e+00   3.5000000e+02   3.0607518e+02   9.2247348e-01
   9.4500000e+00   3.1000000e+02   2.8200000e+02   1.0000000e+02   1.0000000e+00   3.5000000e+02   3.0602376e+02   9.2501149e-01
   9.5000000e+00   3.1000000e+02   2.8200000e+02   1.0000000e+02   1.0000000e+00   3.5000000e+02   3.0597927e+02   9.2742794e-01
   9.5500000e+00   3.1000000e+02   2.8200000e+02   1.0000000e+02   1.0000000e+00   3.5000000e+02   3.0594083e+02   9.2972819e-01
   9.6000000e+00   3.1000000e+02   2.8200000e+02   1.0000000e+02   1.0000000e+00   3.5000000e+02   3.0590767e+02   9.3191739e-01
   9.6500000e+00   3.1000000e+02   2.8200000e+02   1.0000000e+02   1.0000000e+00   3.5000000e+02   3.0587911e+02   9.3400056e-01
   9.7000000e+00   3.1000000e+02   2.8200000e+02   1.0000000e+02   1.0000000e+00   3.5000000e+02   3.0585458e+02   9.3598250e-01
   9.7500000e+00   3.1000000e+02   2.8200000e+02   1.0000000e+02   1.0000000e+00   3.5000000e+02   3.0583354e+02   9.3786785e-01
   9.8000000e+00   3.1000000e+02   2.8200000e+02   1.0000000e+02   1.0000000e+00   3.5000000e+02   3.0581555e+02   9.3966109e-01
   9.8500000e+00   3.1000000e+02   2.8200000e+02   1.0000000e+02   1.0000000e+00   3.5000000e+02   3.0580021e+02   9.4136649e-01
   9.9000000e+00   3.1000000e+02   2.8200000e+02   1.0000000e+02   1.0000000e+00   3.5000000e+02   3.0578718e+02   9.4298816e-01
   9.9500000e+00   3.1000000e+02   2.8200000e+02   1.0000000e+02   1.0000000e+00   3.5000000e+02   3.0577615e+02   9.4453007e-01
   1.0000000e+01   3.1000000e+02   2.8200000e+02   1.0000000e+02   1.0000000e+00   3.5000000e+02   3.0576686e+02   9.4599597e-01
